1 5263.0 2015 7 31 5 0 0 1 1 1270.0 1 0 0 0 0 1 941 1
1 5020.0 2015 7 30 4 0 0 1 1 1270.0 1 0 0 0 0 1 940 1
1 4782.0 2015 7 29 3 0 0 1 1 1270.0 1 0 0 0 0 1 939 1
1 5011.0 2015 7 28 2 0 0 1 1 1270.0 1 0 0 0 0 1 938 1
1 6102.0 2015 7 27 1 0 0 1 1 1270.0 1 0 0 0 0 1 937 1
1 4364.0 2015 7 25 6 0 0 1 1 1270.0 0 0 0 0 0 0 935 1
1 3706.0 2015 7 24 5 0 0 1 1 1270.0 0 0 0 0 0 0 934 1
1 3769.0 2015 7 23 4 0 0 1 1 1270.0 0 0 0 0 0 0 933 1
1 3464.0 2015 7 22 3 0 0 1 1 1270.0 0 0 0 0 0 0 932 1
1 3558.0 2015 7 21 2 0 0 1 1 1270.0 0 0 0 0 0 0 931 1
1 4395.0 2015 7 20 1 0 0 1 1 1270.0 0 0 0 0 0 0 930 1
1 4406.0 2015 7 18 6 0 0 1 1 1270.0 0 0 0 0 0 0 928 1
1 4852.0 2015 7 17 5 0 0 1 1 1270.0 1 0 0 0 0 0 927 1
1 4427.0 2015 7 16 4 0 0 1 1 1270.0 1 0 0 0 0 0 926 1
1 4767.0 2015 7 15 3 0 0 1 1 1270.0 1 0 0 0 0 0 925 1
1 5042.0 2015 7 14 2 0 0 1 1 1270.0 1 0 0 0 0 0 924 1
1 5054.0 2015 7 13 1 0 0 1 1 1270.0 1 0 0 0 0 0 923 1
1 3530.0 2015 7 11 6 0 0 1 1 1270.0 0 0 0 0 0 0 921 1
1 3808.0 2015 7 10 5 0 0 1 1 1270.0 0 0 0 0 0 0 920 1
1 3897.0 2015 7 9 4 0 0 1 1 1270.0 0 0 0 0 0 0 919 1
1 3797.0 2015 7 8 3 0 0 1 1 1270.0 0 0 0 0 0 0 918 1
1 3650.0 2015 7 7 2 0 0 1 1 1270.0 0 0 0 0 0 0 917 1
1 4359.0 2015 7 6 1 0 0 1 1 1270.0 0 0 0 0 0 0 916 1
1 4797.0 2015 7 4 6 0 0 1 1 1270.0 0 0 0 0 0 0 914 1
1 4665.0 2015 7 3 5 0 0 1 1 1270.0 1 0 0 0 0 0 913 1
1 5558.0 2015 7 2 4 0 0 1 1 1270.0 1 0 0 0 0 0 912 1
1 5223.0 2015 7 1 3 0 0 1 1 1270.0 1 0 0 0 0 0 911 1
1 5735.0 2015 6 30 2 0 0 1 1 1270.0 1 0 0 0 0 0 910 1
1 5197.0 2015 6 29 1 0 0 1 1 1270.0 1 0 0 0 0 0 909 1
1 4019.0 2015 6 27 6 0 0 1 1 1270.0 0 0 0 0 0 0 907 1
1 3317.0 2015 6 26 5 0 0 1 1 1270.0 0 0 0 0 0 0 906 1
1 3533.0 2015 6 25 4 0 0 1 1 1270.0 0 0 0 0 0 0 905 1
1 3346.0 2015 6 24 3 0 0 1 1 1270.0 0 0 0 0 0 0 904 1
1 3762.0 2015 6 23 2 0 0 1 1 1270.0 0 0 0 0 0 0 903 1
1 3846.0 2015 6 22 1 0 0 1 1 1270.0 0 0 0 0 0 0 902 1
1 4097.0 2015 6 20 6 0 0 1 1 1270.0 0 0 0 0 0 0 900 1
1 4202.0 2015 6 19 5 0 0 1 1 1270.0 1 0 0 0 0 0 899 1
1 4645.0 2015 6 18 4 0 0 1 1 1270.0 1 0 0 0 0 0 898 1
1 4000.0 2015 6 17 3 0 0 1 1 1270.0 1 0 0 0 0 0 897 1
1 4852.0 2015 6 16 2 0 0 1 1 1270.0 1 0 0 0 0 0 896 1
1 5518.0 2015 6 15 1 0 0 1 1 1270.0 1 0 0 0 0 0 895 1
1 4256.0 2015 6 13 6 0 0 1 1 1270.0 0 0 0 0 0 0 893 1
1 3695.0 2015 6 12 5 0 0 1 1 1270.0 0 0 0 0 0 0 892 1
1 3627.0 2015 6 11 4 0 0 1 1 1270.0 0 0 0 0 0 0 891 1
1 3591.0 2015 6 10 3 0 0 1 1 1270.0 0 0 0 0 0 0 890 1
1 4102.0 2015 6 9 2 0 0 1 1 1270.0 0 0 0 0 0 0 889 1
1 4071.0 2015 6 8 1 0 0 1 1 1270.0 0 0 0 0 0 0 888 1
1 4183.0 2015 6 6 6 0 0 1 1 1270.0 0 0 0 0 0 0 886 1
1 5384.0 2015 6 5 5 0 0 1 1 1270.0 1 0 0 0 0 0 885 1
1 5809.0 2015 6 3 3 0 0 1 1 1270.0 1 0 0 0 0 0 883 1
1 5450.0 2015 6 2 2 0 0 1 1 1270.0 1 0 0 0 0 0 882 1
1 5774.0 2015 6 1 1 0 0 1 1 1270.0 1 0 0 0 0 0 881 1
1 5592.0 2015 5 30 6 0 0 1 1 1270.0 0 0 0 0 0 0 879 1
1 4656.0 2015 5 29 5 0 0 1 1 1270.0 0 0 0 0 0 0 878 1
1 4111.0 2015 5 28 4 0 0 1 1 1270.0 0 0 0 0 0 0 877 1
1 4083.0 2015 5 27 3 0 0 1 1 1270.0 0 0 0 0 0 0 876 1
1 4211.0 2015 5 26 2 0 0 1 1 1270.0 0 0 0 0 0 0 875 1
1 4276.0 2015 5 23 6 0 0 1 1 1270.0 0 0 0 0 0 0 872 1
1 4459.0 2015 5 22 5 0 0 1 1 1270.0 1 0 0 0 0 0 871 1
1 3755.0 2015 5 21 4 0 0 1 1 1270.0 1 0 0 0 0 0 870 1
1 4735.0 2015 5 20 3 0 0 1 1 1270.0 1 0 0 0 0 0 869 1
1 5235.0 2015 5 19 2 0 0 1 1 1270.0 1 0 0 0 0 0 868 1
1 5280.0 2015 5 18 1 0 0 1 1 1270.0 1 0 0 0 0 0 867 1
1 4431.0 2015 5 16 6 0 0 1 1 1270.0 0 0 0 0 0 0 865 1
1 4178.0 2015 5 15 5 0 0 1 1 1270.0 0 0 0 0 0 0 864 1
1 3998.0 2015 5 13 3 0 0 1 1 1270.0 0 0 0 0 0 0 862 1
1 3547.0 2015 5 12 2 0 0 1 1 1270.0 0 0 0 0 0 0 861 1
1 3551.0 2015 5 11 1 0 0 1 1 1270.0 0 0 0 0 0 0 860 1
1 4945.0 2015 5 9 6 0 0 1 1 1270.0 0 0 0 0 0 0 858 1
1 4683.0 2015 5 8 5 0 0 1 1 1270.0 1 0 0 0 0 0 857 1
1 4529.0 2015 5 7 4 0 0 1 1 1270.0 1 0 0 0 0 0 856 1
1 4960.0 2015 5 6 3 0 0 1 1 1270.0 1 0 0 0 0 0 855 1
1 4564.0 2015 5 5 2 0 0 1 1 1270.0 1 0 0 0 0 0 854 1
1 5591.0 2015 5 4 1 0 0 1 1 1270.0 1 0 0 0 0 0 853 1
1 5850.0 2015 5 2 6 0 0 1 1 1270.0 0 0 0 0 0 0 851 1
1 6228.0 2015 4 30 4 0 0 1 1 1270.0 1 0 0 0 0 0 849 1
1 5775.0 2015 4 29 3 0 0 1 1 1270.0 1 0 0 0 0 0 848 1
1 5199.0 2015 4 28 2 0 0 1 1 1270.0 1 0 0 0 0 0 847 1
1 5575.0 2015 4 27 1 0 0 1 1 1270.0 1 0 0 0 0 0 846 1
1 4318.0 2015 4 25 6 0 0 1 1 1270.0 0 0 0 0 0 0 844 1
1 3198.0 2015 4 24 5 0 0 1 1 1270.0 0 0 0 0 0 0 843 1
1 3076.0 2015 4 23 4 0 0 1 1 1270.0 0 0 0 0 0 0 842 1
1 3319.0 2015 4 22 3 0 0 1 1 1270.0 0 0 0 0 0 0 841 1
1 3037.0 2015 4 21 2 0 0 1 1 1270.0 0 0 0 0 0 0 840 1
1 3722.0 2015 4 20 1 0 0 1 1 1270.0 0 0 0 0 0 0 839 1
1 4594.0 2015 4 18 6 0 0 1 1 1270.0 0 0 0 0 0 0 837 1
1 4718.0 2015 4 17 5 0 0 1 1 1270.0 1 0 0 0 0 0 836 1
1 4116.0 2015 4 16 4 0 0 1 1 1270.0 1 0 0 0 0 0 835 1
1 4110.0 2015 4 15 3 0 0 1 1 1270.0 1 0 0 0 0 0 834 1
1 4648.0 2015 4 14 2 0 0 1 1 1270.0 1 0 0 0 0 0 833 1
1 5377.0 2015 4 13 1 0 0 1 1 1270.0 1 0 0 0 0 0 832 1
1 4173.0 2015 4 11 6 0 0 1 1 1270.0 0 0 0 0 0 0 830 1
1 3549.0 2015 4 10 5 0 0 1 1 1270.0 0 0 0 0 0 1 829 1
1 3467.0 2015 4 9 4 0 0 1 1 1270.0 0 0 0 0 0 1 828 1
1 4194.0 2015 4 8 3 0 0 1 1 1270.0 0 0 0 0 0 1 827 1
1 4163.0 2015 4 7 2 0 0 1 1 1270.0 0 0 0 0 0 1 826 1
1 6709.0 2015 4 4 6 0 0 1 1 1270.0 0 0 0 0 0 1 823 1
1 6574.0 2015 4 2 4 0 0 1 1 1270.0 1 0 0 0 0 1 821 1
1 6816.0 2015 4 1 3 0 0 1 1 1270.0 1 0 0 0 0 1 820 1
1 6206.0 2015 3 31 2 0 0 1 1 1270.0 1 0 0 0 0 1 819 1
1 6714.0 2015 3 30 1 0 0 1 1 1270.0 1 0 0 0 0 1 818 1
1 5208.0 2015 3 28 6 0 0 1 1 1270.0 0 0 0 0 0 0 816 1
1 4005.0 2015 3 27 5 0 0 1 1 1270.0 0 0 0 0 0 0 815 1
1 3932.0 2015 3 26 4 0 0 1 1 1270.0 0 0 0 0 0 0 814 1
1 3531.0 2015 3 25 3 0 0 1 1 1270.0 0 0 0 0 0 0 813 1
1 3547.0 2015 3 24 2 0 0 1 1 1270.0 0 0 0 0 0 0 812 1
1 3565.0 2015 3 23 1 0 0 1 1 1270.0 0 0 0 0 0 0 811 1
1 3909.0 2015 3 21 6 0 0 1 1 1270.0 0 0 0 0 0 0 809 1
1 4057.0 2015 3 20 5 0 0 1 1 1270.0 1 0 0 0 0 0 808 1
1 4748.0 2015 3 19 4 0 0 1 1 1270.0 1 0 0 0 0 0 807 1
1 3858.0 2015 3 18 3 0 0 1 1 1270.0 1 0 0 0 0 0 806 1
1 4806.0 2015 3 17 2 0 0 1 1 1270.0 1 0 0 0 0 0 805 1
1 5695.0 2015 3 16 1 0 0 1 1 1270.0 1 0 0 0 0 0 804 1
1 5225.0 2015 3 14 6 0 0 1 1 1270.0 0 0 0 0 0 0 802 1
1 3725.0 2015 3 13 5 0 0 1 1 1270.0 0 0 0 0 0 0 801 1
1 3141.0 2015 3 12 4 0 0 1 1 1270.0 0 0 0 0 0 0 800 1
1 4170.0 2015 3 11 3 0 0 1 1 1270.0 0 0 0 0 0 0 799 1
1 3805.0 2015 3 10 2 0 0 1 1 1270.0 0 0 0 0 0 0 798 1
1 3701.0 2015 3 9 1 0 0 1 1 1270.0 0 0 0 0 0 0 797 1
1 4592.0 2015 3 7 6 0 0 1 1 1270.0 0 0 0 0 0 0 795 1
1 5397.0 2015 3 6 5 0 0 1 1 1270.0 1 0 0 0 0 0 794 1
1 4419.0 2015 3 5 4 0 0 1 1 1270.0 1 0 0 0 0 0 793 1
1 5568.0 2015 3 4 3 0 0 1 1 1270.0 1 0 0 0 0 0 792 1
1 5451.0 2015 3 3 2 0 0 1 1 1270.0 1 0 0 0 0 0 791 1
1 5942.0 2015 3 2 1 0 0 1 1 1270.0 1 0 0 0 0 0 790 1
1 5289.0 2015 2 28 6 0 0 1 1 1270.0 0 0 0 0 0 0 788 1
1 4708.0 2015 2 27 5 0 0 1 1 1270.0 0 0 0 0 0 0 787 1
1 4042.0 2015 2 26 4 0 0 1 1 1270.0 0 0 0 0 0 0 786 1
1 3875.0 2015 2 25 3 0 0 1 1 1270.0 0 0 0 0 0 0 785 1
1 4054.0 2015 2 24 2 0 0 1 1 1270.0 0 0 0 0 0 0 784 1
1 3598.0 2015 2 23 1 0 0 1 1 1270.0 0 0 0 0 0 0 783 1
1 4475.0 2015 2 21 6 0 0 1 1 1270.0 0 0 0 0 0 0 781 1
1 4651.0 2015 2 20 5 0 0 1 1 1270.0 1 0 0 0 0 0 780 1
1 4460.0 2015 2 19 4 0 0 1 1 1270.0 1 0 0 0 0 0 779 1
1 4180.0 2015 2 18 3 0 0 1 1 1270.0 1 0 0 0 0 0 778 1
1 4833.0 2015 2 17 2 0 0 1 1 1270.0 1 0 0 0 0 0 777 1
1 4303.0 2015 2 16 1 0 0 1 1 1270.0 1 0 0 0 0 0 776 1
1 5015.0 2015 2 14 6 0 0 1 1 1270.0 0 0 0 0 0 0 774 1
1 4726.0 2015 2 13 5 0 0 1 1 1270.0 0 0 0 0 0 0 773 1
1 3900.0 2015 2 12 4 0 0 1 1 1270.0 0 0 0 0 0 0 772 1
1 3735.0 2015 2 11 3 0 0 1 1 1270.0 0 0 0 0 0 0 771 1
1 3136.0 2015 2 10 2 0 0 1 1 1270.0 0 0 0 0 0 0 770 1
1 3965.0 2015 2 9 1 0 0 1 1 1270.0 0 0 0 0 0 0 769 1
1 4663.0 2015 2 7 6 0 0 1 1 1270.0 0 0 0 0 0 0 767 1
1 5022.0 2015 2 6 5 0 0 1 1 1270.0 1 0 0 0 0 0 766 1
1 4394.0 2015 2 5 4 0 0 1 1 1270.0 1 0 0 0 0 0 765 1
1 4672.0 2015 2 4 3 0 0 1 1 1270.0 1 0 0 0 0 0 764 1
1 4901.0 2015 2 3 2 0 0 1 1 1270.0 1 0 0 0 0 0 763 1
1 6038.0 2015 2 2 1 0 0 1 1 1270.0 1 0 0 0 0 0 762 1
1 5363.0 2015 1 31 6 0 0 1 1 1270.0 0 0 0 0 0 0 760 1
1 5577.0 2015 1 30 5 0 0 1 1 1270.0 1 0 0 0 0 0 759 1
1 5171.0 2015 1 29 4 0 0 1 1 1270.0 1 0 0 0 0 0 758 1
1 4310.0 2015 1 28 3 0 0 1 1 1270.0 1 0 0 0 0 0 757 1
1 4806.0 2015 1 27 2 0 0 1 1 1270.0 1 0 0 0 0 0 756 1
1 4781.0 2015 1 26 1 0 0 1 1 1270.0 1 0 0 0 0 0 755 1
1 4840.0 2015 1 24 6 0 0 1 1 1270.0 0 0 0 0 0 0 753 1
1 3586.0 2015 1 23 5 0 0 1 1 1270.0 0 0 0 0 0 0 752 1
1 3492.0 2015 1 22 4 0 0 1 1 1270.0 0 0 0 0 0 0 751 1
1 3299.0 2015 1 21 3 0 0 1 1 1270.0 0 0 0 0 0 0 750 1
1 3680.0 2015 1 20 2 0 0 1 1 1270.0 0 0 0 0 0 0 749 1
1 3721.0 2015 1 19 1 0 0 1 1 1270.0 0 0 0 0 0 0 748 1
1 5255.0 2015 1 17 6 0 0 1 1 1270.0 0 0 0 0 0 0 746 1
1 4161.0 2015 1 16 5 0 0 1 1 1270.0 1 0 0 0 0 0 745 1
1 4295.0 2015 1 15 4 0 0 1 1 1270.0 1 0 0 0 0 0 744 1
1 4541.0 2015 1 14 3 0 0 1 1 1270.0 1 0 0 0 0 0 743 1
1 4924.0 2015 1 13 2 0 0 1 1 1270.0 1 0 0 0 0 0 742 1
1 5346.0 2015 1 12 1 0 0 1 1 1270.0 1 0 0 0 0 0 741 1
1 4599.0 2015 1 10 6 0 0 1 1 1270.0 0 0 0 0 0 0 739 1
1 3998.0 2015 1 9 5 0 0 1 1 1270.0 1 0 0 0 0 1 738 1
1 3716.0 2015 1 8 4 0 0 1 1 1270.0 1 0 0 0 0 1 737 1
1 4796.0 2015 1 7 3 0 0 1 1 1270.0 1 0 0 0 0 1 736 1
1 4574.0 2015 1 6 2 0 0 1 1 1270.0 1 0 0 0 0 1 735 1
1 6239.0 2015 1 5 1 0 0 1 1 1270.0 1 0 0 0 0 1 734 1
1 5023.0 2015 1 3 6 0 0 1 1 1270.0 0 0 0 0 0 1 732 1
1 5509.0 2015 1 2 5 0 0 1 1 1270.0 0 0 0 0 0 1 731 1
1 2605.0 2014 12 31 3 0 0 1 1 1270.0 0 0 0 0 0 1 729 1
1 6466.0 2014 12 30 2 0 0 1 1 1270.0 0 0 0 0 0 1 728 1
1 6463.0 2014 12 29 1 0 0 1 1 1270.0 0 0 0 0 0 1 727 1
1 6057.0 2014 12 27 6 0 0 1 1 1270.0 0 0 0 0 0 1 725 1
1 3659.0 2014 12 24 3 0 0 1 1 1270.0 0 0 0 0 0 1 722 1
1 7959.0 2014 12 23 2 0 0 1 1 1270.0 0 0 0 0 0 1 721 1
1 9331.0 2014 12 22 1 0 0 1 1 1270.0 0 0 0 0 0 1 720 1
1 8367.0 2014 12 20 6 0 0 1 1 1270.0 0 0 0 0 0 0 718 1
1 7558.0 2014 12 19 5 0 0 1 1 1270.0 1 0 0 0 0 0 717 1
1 7785.0 2014 12 18 4 0 0 1 1 1270.0 1 0 0 0 0 0 716 1
1 7523.0 2014 12 17 3 0 0 1 1 1270.0 1 0 0 0 0 0 715 1
1 7739.0 2014 12 16 2 0 0 1 1 1270.0 1 0 0 0 0 0 714 1
1 8069.0 2014 12 15 1 0 0 1 1 1270.0 1 0 0 0 0 0 713 1
1 7263.0 2014 12 13 6 0 0 1 1 1270.0 0 0 0 0 0 0 711 1
1 5269.0 2014 12 12 5 0 0 1 1 1270.0 0 0 0 0 0 0 710 1
1 5060.0 2014 12 11 4 0 0 1 1 1270.0 0 0 0 0 0 0 709 1
1 4915.0 2014 12 10 3 0 0 1 1 1270.0 0 0 0 0 0 0 708 1
1 4345.0 2014 12 9 2 0 0 1 1 1270.0 0 0 0 0 0 0 707 1
1 4884.0 2014 12 8 1 0 0 1 1 1270.0 0 0 0 0 0 0 706 1
1 6185.0 2014 12 6 6 0 0 1 1 1270.0 0 0 0 0 0 0 704 1
1 6207.0 2014 12 5 5 0 0 1 1 1270.0 1 0 0 0 0 0 703 1
1 7016.0 2014 12 4 4 0 0 1 1 1270.0 1 0 0 0 0 0 702 1
1 6454.0 2014 12 3 3 0 0 1 1 1270.0 1 0 0 0 0 0 701 1
1 6467.0 2014 12 2 2 0 0 1 1 1270.0 1 0 0 0 0 0 700 1
1 7380.0 2014 12 1 1 0 0 1 1 1270.0 1 0 0 0 0 0 699 1
1 7066.0 2014 11 29 6 0 0 1 1 1270.0 0 0 0 0 0 0 697 1
1 7195.0 2014 11 28 5 0 0 1 1 1270.0 1 0 0 0 0 0 696 1
1 6144.0 2014 11 27 4 0 0 1 1 1270.0 1 0 0 0 0 0 695 1
1 5328.0 2014 11 26 3 0 0 1 1 1270.0 1 0 0 0 0 0 694 1
1 5815.0 2014 11 25 2 0 0 1 1 1270.0 1 0 0 0 0 0 693 1
1 6527.0 2014 11 24 1 0 0 1 1 1270.0 1 0 0 0 0 0 692 1
1 5849.0 2014 11 22 6 0 0 1 1 1270.0 0 0 0 0 0 0 690 1
1 4594.0 2014 11 21 5 0 0 1 1 1270.0 0 0 0 0 0 0 689 1
1 4963.0 2014 11 20 4 0 0 1 1 1270.0 0 0 0 0 0 0 688 1
1 3894.0 2014 11 19 3 0 0 1 1 1270.0 0 0 0 0 0 0 687 1
1 3890.0 2014 11 18 2 0 0 1 1 1270.0 0 0 0 0 0 0 686 1
1 3582.0 2014 11 17 1 0 0 1 1 1270.0 0 0 0 0 0 0 685 1
1 4967.0 2014 11 15 6 0 0 1 1 1270.0 0 0 0 0 0 0 683 1
1 5334.0 2014 11 14 5 0 0 1 1 1270.0 1 0 0 0 0 0 682 1
1 3869.0 2014 11 13 4 0 0 1 1 1270.0 1 0 0 0 0 0 681 1
1 4677.0 2014 11 12 3 0 0 1 1 1270.0 1 0 0 0 0 0 680 1
1 4479.0 2014 11 11 2 0 0 1 1 1270.0 1 0 0 0 0 0 679 1
1 5474.0 2014 11 10 1 0 0 1 1 1270.0 1 0 0 0 0 0 678 1
1 4720.0 2014 11 8 6 0 0 1 1 1270.0 0 0 0 0 0 0 676 1
1 5220.0 2014 11 7 5 0 0 1 1 1270.0 1 0 0 0 0 0 675 1
1 4785.0 2014 11 6 4 0 0 1 1 1270.0 1 0 0 0 0 0 674 1
1 4838.0 2014 11 5 3 0 0 1 1 1270.0 1 0 0 0 0 0 673 1
1 5253.0 2014 11 4 2 0 0 1 1 1270.0 1 0 0 0 0 0 672 1
1 5857.0 2014 11 3 1 0 0 1 1 1270.0 1 0 0 0 0 0 671 1
1 6532.0 2014 11 1 6 0 0 1 1 1270.0 0 0 0 0 0 0 669 1
1 4161.0 2014 10 31 5 0 0 1 1 1270.0 0 0 0 0 0 1 668 1
1 4042.0 2014 10 30 4 0 0 1 1 1270.0 0 0 0 0 0 1 667 1
1 3761.0 2014 10 29 3 0 0 1 1 1270.0 0 0 0 0 0 1 666 1
1 3364.0 2014 10 28 2 0 0 1 1 1270.0 0 0 0 0 0 1 665 1
1 4260.0 2014 10 27 1 0 0 1 1 1270.0 0 0 0 0 0 1 664 1
1 4596.0 2014 10 25 6 0 0 1 1 1270.0 0 0 0 0 0 1 662 1
1 4196.0 2014 10 24 5 0 0 1 1 1270.0 1 0 0 0 0 1 661 1
1 4466.0 2014 10 23 4 0 0 1 1 1270.0 1 0 0 0 0 1 660 1
1 4868.0 2014 10 22 3 0 0 1 1 1270.0 1 0 0 0 0 1 659 1
1 4678.0 2014 10 21 2 0 0 1 1 1270.0 1 0 0 0 0 1 658 1
1 4652.0 2014 10 20 1 0 0 1 1 1270.0 1 0 0 0 0 1 657 1
1 4169.0 2014 10 18 6 0 0 1 1 1270.0 0 0 0 0 0 0 655 1
1 3720.0 2014 10 17 5 0 0 1 1 1270.0 0 0 0 0 0 0 654 1
1 3430.0 2014 10 16 4 0 0 1 1 1270.0 0 0 0 0 0 0 653 1
1 3775.0 2014 10 15 3 0 0 1 1 1270.0 0 0 0 0 0 0 652 1
1 3681.0 2014 10 14 2 0 0 1 1 1270.0 0 0 0 0 0 0 651 1
1 4033.0 2014 10 13 1 0 0 1 1 1270.0 0 0 0 0 0 0 650 1
1 4743.0 2014 10 11 6 0 0 1 1 1270.0 0 0 0 0 0 0 648 1
1 4396.0 2014 10 10 5 0 0 1 1 1270.0 1 0 0 0 0 0 647 1
1 4654.0 2014 10 9 4 0 0 1 1 1270.0 1 0 0 0 0 0 646 1
1 4944.0 2014 10 8 3 0 0 1 1 1270.0 1 0 0 0 0 0 645 1
1 5439.0 2014 10 7 2 0 0 1 1 1270.0 1 0 0 0 0 0 644 1
1 5402.0 2014 10 6 1 0 0 1 1 1270.0 1 0 0 0 0 0 643 1
1 5355.0 2014 10 4 6 0 0 1 1 1270.0 0 0 0 0 0 0 641 1
1 5400.0 2014 10 2 4 0 0 1 1 1270.0 1 0 0 0 0 0 639 1
1 4712.0 2014 10 1 3 0 0 1 1 1270.0 1 0 0 0 0 0 638 1
1 4919.0 2014 9 30 2 0 0 1 1 1270.0 1 0 0 0 0 0 637 1
1 5280.0 2014 9 29 1 0 0 1 1 1270.0 1 0 0 0 0 0 636 1
1 3914.0 2014 9 27 6 0 0 1 1 1270.0 0 0 0 0 0 0 634 1
1 3518.0 2014 9 26 5 0 0 1 1 1270.0 0 0 0 0 0 0 633 1
1 2462.0 2014 9 25 4 0 0 1 1 1270.0 0 0 0 0 0 0 632 1
1 3405.0 2014 9 24 3 0 0 1 1 1270.0 0 0 0 0 0 0 631 1
1 3407.0 2014 9 23 2 0 0 1 1 1270.0 0 0 0 0 0 0 630 1
1 3982.0 2014 9 22 1 0 0 1 1 1270.0 0 0 0 0 0 0 629 1
1 3911.0 2014 9 20 6 0 0 1 1 1270.0 0 0 0 0 0 0 627 1
1 4128.0 2014 9 19 5 0 0 1 1 1270.0 1 0 0 0 0 0 626 1
1 3740.0 2014 9 18 4 0 0 1 1 1270.0 1 0 0 0 0 0 625 1
1 4383.0 2014 9 17 3 0 0 1 1 1270.0 1 0 0 0 0 0 624 1
1 4381.0 2014 9 16 2 0 0 1 1 1270.0 1 0 0 0 0 0 623 1
1 4611.0 2014 9 15 1 0 0 1 1 1270.0 1 0 0 0 0 0 622 1
1 4270.0 2014 9 13 6 0 0 1 1 1270.0 0 0 0 0 0 0 620 1
1 3906.0 2014 9 12 5 0 0 1 1 1270.0 0 0 0 0 0 0 619 1
1 3392.0 2014 9 11 4 0 0 1 1 1270.0 0 0 0 0 0 0 618 1
1 3275.0 2014 9 10 3 0 0 1 1 1270.0 0 0 0 0 0 0 617 1
1 3377.0 2014 9 9 2 0 0 1 1 1270.0 0 0 0 0 0 0 616 1
1 3676.0 2014 9 8 1 0 0 1 1 1270.0 0 0 0 0 0 0 615 1
1 3959.0 2014 9 6 6 0 0 1 1 1270.0 0 0 0 0 0 0 613 1
1 4706.0 2014 9 5 5 0 0 1 1 1270.0 1 0 0 0 0 1 612 1
1 4346.0 2014 9 4 4 0 0 1 1 1270.0 1 0 0 0 0 1 611 1
1 4978.0 2014 9 3 3 0 0 1 1 1270.0 1 0 0 0 0 1 610 1
1 5008.0 2014 9 2 2 0 0 1 1 1270.0 1 0 0 0 0 1 609 1
1 5464.0 2014 9 1 1 0 0 1 1 1270.0 1 0 0 0 0 1 608 1
1 4094.0 2014 8 30 6 0 0 1 1 1270.0 0 0 0 0 0 1 606 1
1 3869.0 2014 8 29 5 0 0 1 1 1270.0 0 0 0 0 0 1 605 1
1 3920.0 2014 8 28 4 0 0 1 1 1270.0 0 0 0 0 0 1 604 1
1 3148.0 2014 8 27 3 0 0 1 1 1270.0 0 0 0 0 0 1 603 1
1 3396.0 2014 8 26 2 0 0 1 1 1270.0 0 0 0 0 0 1 602 1
1 3414.0 2014 8 25 1 0 0 1 1 1270.0 0 0 0 0 0 1 601 1
1 3582.0 2014 8 23 6 0 0 1 1 1270.0 0 0 0 0 0 1 599 1
1 3971.0 2014 8 22 5 0 0 1 1 1270.0 1 0 0 0 0 1 598 1
1 4327.0 2014 8 21 4 0 0 1 1 1270.0 1 0 0 0 0 1 597 1
1 4280.0 2014 8 20 3 0 0 1 1 1270.0 1 0 0 0 0 1 596 1
1 5190.0 2014 8 19 2 0 0 1 1 1270.0 1 0 0 0 0 1 595 1
1 5623.0 2014 8 18 1 0 0 1 1 1270.0 1 0 0 0 0 1 594 1
1 4425.0 2014 8 16 6 0 0 1 1 1270.0 0 0 0 0 0 1 592 1
1 3746.0 2014 8 15 5 0 0 1 1 1270.0 0 0 0 0 0 1 591 1
1 3906.0 2014 8 14 4 0 0 1 1 1270.0 0 0 0 0 0 1 590 1
1 4069.0 2014 8 13 3 0 0 1 1 1270.0 0 0 0 0 0 1 589 1
1 3185.0 2014 8 12 2 0 0 1 1 1270.0 0 0 0 0 0 1 588 1
1 3886.0 2014 8 11 1 0 0 1 1 1270.0 0 0 0 0 0 1 587 1
1 4174.0 2014 8 9 6 0 0 1 1 1270.0 0 0 0 0 0 1 585 1
1 4451.0 2014 8 8 5 0 0 1 1 1270.0 1 0 0 0 0 1 584 1
1 4154.0 2014 8 7 4 0 0 1 1 1270.0 1 0 0 0 0 1 583 1
1 5337.0 2014 8 6 3 0 0 1 1 1270.0 1 0 0 0 0 1 582 1
1 5433.0 2014 8 5 2 0 0 1 1 1270.0 1 0 0 0 0 1 581 1
1 5655.0 2014 8 4 1 0 0 1 1 1270.0 1 0 0 0 0 1 580 1
1 4731.0 2014 8 2 6 0 0 1 1 1270.0 0 0 0 0 0 1 578 1
1 5038.0 2014 8 1 5 0 0 1 1 1270.0 1 0 0 0 0 1 577 1
1 5106.0 2014 7 31 4 0 0 1 1 1270.0 1 0 0 0 0 0 576 1
1 5487.0 2014 7 30 3 0 0 1 1 1270.0 1 0 0 0 0 1 575 1
1 5252.0 2014 7 29 2 0 0 1 1 1270.0 1 0 0 0 0 1 574 1
1 5372.0 2014 7 28 1 0 0 1 1 1270.0 1 0 0 0 0 1 573 1
1 4266.0 2014 7 26 6 0 0 1 1 1270.0 0 0 0 0 0 0 571 1
1 3858.0 2014 7 25 5 0 0 1 1 1270.0 0 0 0 0 0 0 570 1
1 3557.0 2014 7 24 4 0 0 1 1 1270.0 0 0 0 0 0 0 569 1
1 3806.0 2014 7 23 3 0 0 1 1 1270.0 0 0 0 0 0 0 568 1
1 3933.0 2014 7 22 2 0 0 1 1 1270.0 0 0 0 0 0 0 567 1
1 4507.0 2014 7 21 1 0 0 1 1 1270.0 0 0 0 0 0 0 566 1
1 4084.0 2014 7 19 6 0 0 1 1 1270.0 0 0 0 0 0 0 564 1
1 4609.0 2014 7 18 5 0 0 1 1 1270.0 1 0 0 0 0 0 563 1
1 4685.0 2014 7 17 4 0 0 1 1 1270.0 1 0 0 0 0 0 562 1
1 5424.0 2014 7 16 3 0 0 1 1 1270.0 1 0 0 0 0 0 561 1
1 5298.0 2014 7 15 2 0 0 1 1 1270.0 1 0 0 0 0 0 560 1
1 5083.0 2014 7 14 1 0 0 1 1 1270.0 1 0 0 0 0 0 559 1
1 4409.0 2014 7 12 6 0 0 1 1 1270.0 0 0 0 0 0 0 557 1
1 4020.0 2014 7 11 5 0 0 1 1 1270.0 0 0 0 0 0 0 556 1
1 3741.0 2014 7 10 4 0 0 1 1 1270.0 0 0 0 0 0 0 555 1
1 3547.0 2014 7 9 3 0 0 1 1 1270.0 0 0 0 0 0 0 554 1
1 4081.0 2014 7 8 2 0 0 1 1 1270.0 0 0 0 0 0 0 553 1
1 4223.0 2014 7 7 1 0 0 1 1 1270.0 0 0 0 0 0 0 552 1
1 5176.0 2014 7 5 6 0 0 1 1 1270.0 0 0 0 0 0 0 550 1
1 4025.0 2014 7 4 5 0 0 1 1 1270.0 1 0 0 0 0 0 549 1
1 4756.0 2014 7 3 4 0 0 1 1 1270.0 1 0 0 0 0 0 548 1
1 5161.0 2014 7 2 3 0 0 1 1 1270.0 1 0 0 0 0 0 547 1
1 5138.0 2014 7 1 2 0 0 1 1 1270.0 1 0 0 0 0 0 546 1
1 5738.0 2014 6 30 1 0 0 1 1 1270.0 1 0 0 0 0 0 545 1
1 5162.0 2014 6 28 6 0 0 1 1 1270.0 0 0 0 0 0 0 543 1
1 4019.0 2014 6 27 5 0 0 1 1 1270.0 0 0 0 0 0 0 542 1
1 2749.0 2014 6 26 4 0 0 1 1 1270.0 0 0 0 0 0 0 541 1
1 3727.0 2014 6 25 3 0 0 1 1 1270.0 0 0 0 0 0 0 540 1
1 3351.0 2014 6 24 2 0 0 1 1 1270.0 0 0 0 0 0 0 539 1
1 3755.0 2014 6 23 1 0 0 1 1 1270.0 0 0 0 0 0 0 538 1
1 3982.0 2014 6 21 6 0 0 1 1 1270.0 0 0 0 0 0 0 536 1
1 6362.0 2014 6 20 5 0 0 1 1 1270.0 1 0 0 0 0 0 535 1
1 5256.0 2014 6 18 3 0 0 1 1 1270.0 1 0 0 0 0 0 533 1
1 5770.0 2014 6 17 2 0 0 1 1 1270.0 1 0 0 0 0 0 532 1
1 4788.0 2014 6 16 1 0 0 1 1 1270.0 1 0 0 0 0 0 531 1
1 4757.0 2014 6 14 6 0 0 1 1 1270.0 0 0 0 0 0 0 529 1
1 3901.0 2014 6 13 5 0 0 1 1 1270.0 0 0 0 0 0 0 528 1
1 3702.0 2014 6 12 4 0 0 1 1 1270.0 0 0 0 0 0 0 527 1
1 4207.0 2014 6 11 3 0 0 1 1 1270.0 0 0 0 0 0 0 526 1
1 4607.0 2014 6 10 2 0 0 1 1 1270.0 0 0 0 0 0 0 525 1
1 4923.0 2014 6 7 6 0 0 1 1 1270.0 0 0 0 0 0 0 522 1
1 4957.0 2014 6 6 5 0 0 1 1 1270.0 1 0 0 0 0 0 521 1
1 5278.0 2014 6 5 4 0 0 1 1 1270.0 1 0 0 0 0 0 520 1
1 5229.0 2014 6 4 3 0 0 1 1 1270.0 1 0 0 0 0 0 519 1
1 5614.0 2014 6 3 2 0 0 1 1 1270.0 1 0 0 0 0 0 518 1
1 6071.0 2014 6 2 1 0 0 1 1 1270.0 1 0 0 0 0 0 517 1
1 4985.0 2014 5 31 6 0 0 1 1 1270.0 0 0 0 0 0 0 515 1
1 5407.0 2014 5 30 5 0 0 1 1 1270.0 0 0 0 0 0 0 514 1
1 4616.0 2014 5 28 3 0 0 1 1 1270.0 0 0 0 0 0 0 512 1
1 3971.0 2014 5 27 2 0 0 1 1 1270.0 0 0 0 0 0 0 511 1
1 3912.0 2014 5 26 1 0 0 1 1 1270.0 0 0 0 0 0 0 510 1
1 4574.0 2014 5 24 6 0 0 1 1 1270.0 0 0 0 0 0 0 508 1
1 4968.0 2014 5 23 5 0 0 1 1 1270.0 1 0 0 0 0 0 507 1
1 3801.0 2014 5 22 4 0 0 1 1 1270.0 1 0 0 0 0 0 506 1
1 4298.0 2014 5 21 3 0 0 1 1 1270.0 1 0 0 0 0 0 505 1
1 4909.0 2014 5 20 2 0 0 1 1 1270.0 1 0 0 0 0 0 504 1
1 5637.0 2014 5 19 1 0 0 1 1 1270.0 1 0 0 0 0 0 503 1
1 3785.0 2014 5 17 6 0 0 1 1 1270.0 0 0 0 0 0 0 501 1
1 3863.0 2014 5 16 5 0 0 1 1 1270.0 0 0 0 0 0 0 500 1
1 3589.0 2014 5 15 4 0 0 1 1 1270.0 0 0 0 0 0 0 499 1
1 3710.0 2014 5 14 3 0 0 1 1 1270.0 0 0 0 0 0 0 498 1
1 3535.0 2014 5 13 2 0 0 1 1 1270.0 0 0 0 0 0 0 497 1
1 3957.0 2014 5 12 1 0 0 1 1 1270.0 0 0 0 0 0 0 496 1
1 5996.0 2014 5 10 6 0 0 1 1 1270.0 0 0 0 0 0 0 494 1
1 5237.0 2014 5 9 5 0 0 1 1 1270.0 1 0 0 0 0 0 493 1
1 5222.0 2014 5 8 4 0 0 1 1 1270.0 1 0 0 0 0 0 492 1
1 5075.0 2014 5 7 3 0 0 1 1 1270.0 1 0 0 0 0 0 491 1
1 5055.0 2014 5 6 2 0 0 1 1 1270.0 1 0 0 0 0 0 490 1
1 5325.0 2014 5 5 1 0 0 1 1 1270.0 1 0 0 0 0 0 489 1
1 5498.0 2014 5 3 6 0 0 1 1 1270.0 0 0 0 0 0 0 487 1
1 6790.0 2014 5 2 5 0 0 1 1 1270.0 1 0 0 0 0 0 486 1
1 5870.0 2014 4 30 3 0 0 1 1 1270.0 1 0 0 0 0 0 484 1
1 5923.0 2014 4 29 2 0 0 1 1 1270.0 1 0 0 0 0 0 483 1
1 5488.0 2014 4 28 1 0 0 1 1 1270.0 1 0 0 0 0 0 482 1
1 3989.0 2014 4 26 6 0 0 1 1 1270.0 0 0 0 0 0 0 480 1
1 3710.0 2014 4 25 5 0 0 1 1 1270.0 0 0 0 0 0 1 479 1
1 3376.0 2014 4 24 4 0 0 1 1 1270.0 0 0 0 0 0 1 478 1
1 3482.0 2014 4 23 3 0 0 1 1 1270.0 0 0 0 0 0 1 477 1
1 4133.0 2014 4 22 2 0 0 1 1 1270.0 0 0 0 0 0 1 476 1
1 5871.0 2014 4 19 6 0 0 1 1 1270.0 0 0 0 0 0 1 473 1
1 6160.0 2014 4 17 4 0 0 1 1 1270.0 1 0 0 0 0 1 471 1
1 6381.0 2014 4 16 3 0 0 1 1 1270.0 1 0 0 0 0 1 470 1
1 6196.0 2014 4 15 2 0 0 1 1 1270.0 1 0 0 0 0 1 469 1
1 6803.0 2014 4 14 1 0 0 1 1 1270.0 1 0 0 0 0 1 468 1
1 4435.0 2014 4 12 6 0 0 1 1 1270.0 0 0 0 0 0 0 466 1
1 3733.0 2014 4 11 5 0 0 1 1 1270.0 0 0 0 0 0 0 465 1
1 3948.0 2014 4 10 4 0 0 1 1 1270.0 0 0 0 0 0 0 464 1
1 3919.0 2014 4 9 3 0 0 1 1 1270.0 0 0 0 0 0 0 463 1
1 3990.0 2014 4 8 2 0 0 1 1 1270.0 0 0 0 0 0 0 462 1
1 3751.0 2014 4 7 1 0 0 1 1 1270.0 0 0 0 0 0 0 461 1
1 4599.0 2014 4 5 6 0 0 1 1 1270.0 0 0 0 0 0 0 459 1
1 4738.0 2014 4 4 5 0 0 1 1 1270.0 1 0 0 0 0 0 458 1
1 4556.0 2014 4 3 4 0 0 1 1 1270.0 1 0 0 0 0 0 457 1
1 4834.0 2014 4 2 3 0 0 1 1 1270.0 1 0 0 0 0 0 456 1
1 5407.0 2014 4 1 2 0 0 1 1 1270.0 1 0 0 0 0 0 455 1
1 6008.0 2014 3 31 1 0 0 1 1 1270.0 1 0 0 0 0 0 454 1
1 4583.0 2014 3 29 6 0 0 1 1 1270.0 0 0 0 0 0 0 452 1
1 3987.0 2014 3 28 5 0 0 1 1 1270.0 0 0 0 0 0 0 451 1
1 3847.0 2014 3 27 4 0 0 1 1 1270.0 0 0 0 0 0 0 450 1
1 3225.0 2014 3 26 3 0 0 1 1 1270.0 0 0 0 0 0 0 449 1
1 3136.0 2014 3 25 2 0 0 1 1 1270.0 0 0 0 0 0 0 448 1
1 3850.0 2014 3 24 1 0 0 1 1 1270.0 0 0 0 0 0 0 447 1
1 5241.0 2014 3 22 6 0 0 1 1 1270.0 0 0 0 0 0 0 445 1
1 4510.0 2014 3 21 5 0 0 1 1 1270.0 1 0 0 0 0 0 444 1
1 4023.0 2014 3 20 4 0 0 1 1 1270.0 1 0 0 0 0 0 443 1
1 4036.0 2014 3 19 3 0 0 1 1 1270.0 1 0 0 0 0 0 442 1
1 5200.0 2014 3 18 2 0 0 1 1 1270.0 1 0 0 0 0 0 441 1
1 5563.0 2014 3 17 1 0 0 1 1 1270.0 1 0 0 0 0 0 440 1
1 5042.0 2014 3 15 6 0 0 1 1 1270.0 0 0 0 0 0 0 438 1
1 3883.0 2014 3 14 5 0 0 1 1 1270.0 0 0 0 0 0 0 437 1
1 3224.0 2014 3 13 4 0 0 1 1 1270.0 0 0 0 0 0 0 436 1
1 3805.0 2014 3 12 3 0 0 1 1 1270.0 0 0 0 0 0 0 435 1
1 3588.0 2014 3 11 2 0 0 1 1 1270.0 0 0 0 0 0 0 434 1
1 3573.0 2014 3 10 1 0 0 1 1 1270.0 0 0 0 0 0 0 433 1
1 4400.0 2014 3 8 6 0 0 1 1 1270.0 0 0 0 0 0 0 431 1
1 5340.0 2014 3 7 5 0 0 1 1 1270.0 1 0 0 0 0 0 430 1
1 4585.0 2014 3 6 4 0 0 1 1 1270.0 1 0 0 0 0 0 429 1
1 4916.0 2014 3 5 3 0 0 1 1 1270.0 1 0 0 0 0 0 428 1
1 5397.0 2014 3 4 2 0 0 1 1 1270.0 1 0 0 0 0 0 427 1
1 6198.0 2014 3 3 1 0 0 1 1 1270.0 1 0 0 0 0 0 426 1
1 5307.0 2014 3 1 6 0 0 1 1 1270.0 0 0 0 0 0 0 424 1
1 5031.0 2014 2 28 5 0 0 1 1 1270.0 0 0 0 0 0 0 423 1
1 3826.0 2014 2 27 4 0 0 1 1 1270.0 0 0 0 0 0 0 422 1
1 4108.0 2014 2 26 3 0 0 1 1 1270.0 0 0 0 0 0 0 421 1
1 3499.0 2014 2 25 2 0 0 1 1 1270.0 0 0 0 0 0 0 420 1
1 3826.0 2014 2 24 1 0 0 1 1 1270.0 0 0 0 0 0 0 419 1
1 4820.0 2014 2 22 6 0 0 1 1 1270.0 0 0 0 0 0 0 417 1
1 4727.0 2014 2 21 5 0 0 1 1 1270.0 1 0 0 0 0 0 416 1
1 4563.0 2014 2 20 4 0 0 1 1 1270.0 1 0 0 0 0 0 415 1
1 4935.0 2014 2 19 3 0 0 1 1 1270.0 1 0 0 0 0 0 414 1
1 4602.0 2014 2 18 2 0 0 1 1 1270.0 1 0 0 0 0 0 413 1
1 5393.0 2014 2 17 1 0 0 1 1 1270.0 1 0 0 0 0 0 412 1
1 5258.0 2014 2 15 6 0 0 1 1 1270.0 0 0 0 0 0 0 410 1
1 4647.0 2014 2 14 5 0 0 1 1 1270.0 0 0 0 0 0 0 409 1
1 3638.0 2014 2 13 4 0 0 1 1 1270.0 0 0 0 0 0 0 408 1
1 3662.0 2014 2 12 3 0 0 1 1 1270.0 0 0 0 0 0 0 407 1
1 3461.0 2014 2 11 2 0 0 1 1 1270.0 0 0 0 0 0 0 406 1
1 3591.0 2014 2 10 1 0 0 1 1 1270.0 0 0 0 0 0 0 405 1
1 4726.0 2014 2 8 6 0 0 1 1 1270.0 0 0 0 0 0 0 403 1
1 5596.0 2014 2 7 5 0 0 1 1 1270.0 1 0 0 0 0 0 402 1
1 4823.0 2014 2 6 4 0 0 1 1 1270.0 1 0 0 0 0 0 401 1
1 5031.0 2014 2 5 3 0 0 1 1 1270.0 1 0 0 0 0 0 400 1
1 5540.0 2014 2 4 2 0 0 1 1 1270.0 1 0 0 0 0 0 399 1
1 5839.0 2014 2 3 1 0 0 1 1 1270.0 1 0 0 0 0 0 398 1
1 5292.0 2014 2 1 6 0 0 1 1 1270.0 0 0 0 0 0 0 396 1
1 4906.0 2014 1 31 5 0 0 1 1 1270.0 0 0 0 0 0 0 395 1
1 4549.0 2014 1 30 4 0 0 1 1 1270.0 0 0 0 0 0 0 394 1
1 3789.0 2014 1 29 3 0 0 1 1 1270.0 0 0 0 0 0 0 393 1
1 3581.0 2014 1 28 2 0 0 1 1 1270.0 0 0 0 0 0 0 392 1
1 3601.0 2014 1 27 1 0 0 1 1 1270.0 0 0 0 0 0 0 391 1
1 4546.0 2014 1 25 6 0 0 1 1 1270.0 0 0 0 0 0 0 389 1
1 5098.0 2014 1 24 5 0 0 1 1 1270.0 1 0 0 0 0 0 388 1
1 4597.0 2014 1 23 4 0 0 1 1 1270.0 1 0 0 0 0 0 387 1
1 4562.0 2014 1 22 3 0 0 1 1 1270.0 1 0 0 0 0 0 386 1
1 5151.0 2014 1 21 2 0 0 1 1 1270.0 1 0 0 0 0 0 385 1
1 6148.0 2014 1 20 1 0 0 1 1 1270.0 1 0 0 0 0 0 384 1
1 5128.0 2014 1 18 6 0 0 1 1 1270.0 0 0 0 0 0 0 382 1
1 3803.0 2014 1 17 5 0 0 1 1 1270.0 0 0 0 0 0 0 381 1
1 3632.0 2014 1 16 4 0 0 1 1 1270.0 0 0 0 0 0 0 380 1
1 3776.0 2014 1 15 3 0 0 1 1 1270.0 0 0 0 0 0 0 379 1
1 3621.0 2014 1 14 2 0 0 1 1 1270.0 0 0 0 0 0 0 378 1
1 3994.0 2014 1 13 1 0 0 1 1 1270.0 0 0 0 0 0 0 377 1
1 4454.0 2014 1 11 6 0 0 1 1 1270.0 0 0 0 0 0 0 375 1
1 4486.0 2014 1 10 5 0 0 1 1 1270.0 1 0 0 0 0 1 374 1
1 4396.0 2014 1 9 4 0 0 1 1 1270.0 1 0 0 0 0 1 373 1
1 4931.0 2014 1 8 3 0 0 1 1 1270.0 1 0 0 0 0 1 372 1
1 5539.0 2014 1 7 2 0 0 1 1 1270.0 1 0 0 0 0 1 371 1
1 6194.0 2014 1 6 1 0 0 1 1 1270.0 1 0 0 0 0 1 370 1
1 5173.0 2014 1 4 6 0 0 1 1 1270.0 0 0 0 0 0 1 368 1
1 4190.0 2014 1 3 5 0 0 1 1 1270.0 0 0 0 0 0 1 367 1
1 4969.0 2014 1 2 4 0 0 1 1 1270.0 0 0 0 0 0 1 366 1
1 2362.0 2013 12 31 2 0 0 1 1 1270.0 0 0 0 0 0 1 364 1
1 7193.0 2013 12 30 1 0 0 1 1 1270.0 0 0 0 0 0 1 363 1
1 5659.0 2013 12 28 6 0 0 1 1 1270.0 0 0 0 0 0 1 361 1
1 6110.0 2013 12 27 5 0 0 1 1 1270.0 0 0 0 0 0 1 360 1
1 3204.0 2013 12 24 2 0 0 1 1 1270.0 0 0 0 0 0 1 357 1
1 9528.0 2013 12 23 1 0 0 1 1 1270.0 0 0 0 0 0 1 356 1
1 8043.0 2013 12 21 6 0 0 1 1 1270.0 0 0 0 0 0 0 354 1
1 8414.0 2013 12 20 5 0 0 1 1 1270.0 1 0 0 0 0 0 353 1
1 6788.0 2013 12 19 4 0 0 1 1 1270.0 1 0 0 0 0 0 352 1
1 7821.0 2013 12 18 3 0 0 1 1 1270.0 1 0 0 0 0 0 351 1
1 7356.0 2013 12 17 2 0 0 1 1 1270.0 1 0 0 0 0 0 350 1
1 8277.0 2013 12 16 1 0 0 1 1 1270.0 1 0 0 0 0 0 349 1
1 6119.0 2013 12 14 6 0 0 1 1 1270.0 0 0 0 0 0 0 347 1
1 4703.0 2013 12 13 5 0 0 1 1 1270.0 0 0 0 0 0 0 346 1
1 4074.0 2013 12 12 4 0 0 1 1 1270.0 0 0 0 0 0 0 345 1
1 4301.0 2013 12 11 3 0 0 1 1 1270.0 0 0 0 0 0 0 344 1
1 4228.0 2013 12 10 2 0 0 1 1 1270.0 0 0 0 0 0 0 343 1
1 4462.0 2013 12 9 1 0 0 1 1 1270.0 0 0 0 0 0 0 342 1
1 5799.0 2013 12 7 6 0 0 1 1 1270.0 0 0 0 0 0 0 340 1
1 6112.0 2013 12 6 5 0 0 1 1 1270.0 1 0 0 0 0 0 339 1
1 5691.0 2013 12 5 4 0 0 1 1 1270.0 1 0 0 0 0 0 338 1
1 5688.0 2013 12 4 3 0 0 1 1 1270.0 1 0 0 0 0 0 337 1
1 6293.0 2013 12 3 2 0 0 1 1 1270.0 1 0 0 0 0 0 336 1
1 6943.0 2013 12 2 1 0 0 1 1 1270.0 1 0 0 0 0 0 335 1
1 6373.0 2013 11 30 6 0 0 1 1 1270.0 0 0 0 0 0 0 333 1
1 5623.0 2013 11 29 5 0 0 1 1 1270.0 0 0 0 0 0 0 332 1
1 4614.0 2013 11 28 4 0 0 1 1 1270.0 0 0 0 0 0 0 331 1
1 4561.0 2013 11 27 3 0 0 1 1 1270.0 0 0 0 0 0 0 330 1
1 4201.0 2013 11 26 2 0 0 1 1 1270.0 0 0 0 0 0 0 329 1
1 4600.0 2013 11 25 1 0 0 1 1 1270.0 0 0 0 0 0 0 328 1
1 5297.0 2013 11 23 6 0 0 1 1 1270.0 0 0 0 0 0 0 326 1
1 5058.0 2013 11 22 5 0 0 1 1 1270.0 1 0 0 0 0 0 325 1
1 4623.0 2013 11 21 4 0 0 1 1 1270.0 1 0 0 0 0 0 324 1
1 4936.0 2013 11 20 3 0 0 1 1 1270.0 1 0 0 0 0 0 323 1
1 5143.0 2013 11 19 2 0 0 1 1 1270.0 1 0 0 0 0 0 322 1
1 5927.0 2013 11 18 1 0 0 1 1 1270.0 1 0 0 0 0 0 321 1
1 5071.0 2013 11 16 6 0 0 1 1 1270.0 0 0 0 0 0 0 319 1
1 4016.0 2013 11 15 5 0 0 1 1 1270.0 0 0 0 0 0 0 318 1
1 3795.0 2013 11 14 4 0 0 1 1 1270.0 0 0 0 0 0 0 317 1
1 3310.0 2013 11 13 3 0 0 1 1 1270.0 0 0 0 0 0 0 316 1
1 4017.0 2013 11 12 2 0 0 1 1 1270.0 0 0 0 0 0 0 315 1
1 4014.0 2013 11 11 1 0 0 1 1 1270.0 0 0 0 0 0 0 314 1
1 4681.0 2013 11 9 6 0 0 1 1 1270.0 0 0 0 0 0 0 312 1
1 5242.0 2013 11 8 5 0 0 1 1 1270.0 1 0 0 0 0 0 311 1
1 5009.0 2013 11 7 4 0 0 1 1 1270.0 1 0 0 0 0 0 310 1
1 5572.0 2013 11 6 3 0 0 1 1 1270.0 1 0 0 0 0 0 309 1
1 5348.0 2013 11 5 2 0 0 1 1 1270.0 1 0 0 0 0 0 308 1
1 5861.0 2013 11 4 1 0 0 1 1 1270.0 1 0 0 0 0 0 307 1
1 5233.0 2013 11 2 6 0 0 1 1 1270.0 0 0 0 0 0 0 305 1
1 5471.0 2013 11 1 5 0 0 1 1 1270.0 0 0 0 0 0 0 304 1
1 4035.0 2013 10 31 4 0 0 1 1 1270.0 0 0 0 0 0 0 303 1
1 4119.0 2013 10 30 3 0 0 1 1 1270.0 0 0 0 0 0 0 302 1
1 3737.0 2013 10 29 2 0 0 1 1 1270.0 0 0 0 0 0 0 301 1
1 3557.0 2013 10 28 1 0 0 1 1 1270.0 0 0 0 0 0 0 300 1
1 4347.0 2013 10 26 6 0 0 1 1 1270.0 0 0 0 0 0 0 298 1
1 4573.0 2013 10 25 5 0 0 1 1 1270.0 1 0 0 0 0 1 297 1
1 4044.0 2013 10 24 4 0 0 1 1 1270.0 1 0 0 0 0 1 296 1
1 4612.0 2013 10 23 3 0 0 1 1 1270.0 1 0 0 0 0 1 295 1
1 4068.0 2013 10 22 2 0 0 1 1 1270.0 1 0 0 0 0 1 294 1
1 5055.0 2013 10 21 1 0 0 1 1 1270.0 1 0 0 0 0 1 293 1
1 3667.0 2013 10 19 6 0 0 1 1 1270.0 0 0 0 0 0 1 291 1
1 3566.0 2013 10 18 5 0 0 1 1 1270.0 0 0 0 0 0 1 290 1
1 3223.0 2013 10 17 4 0 0 1 1 1270.0 0 0 0 0 0 1 289 1
1 3383.0 2013 10 16 3 0 0 1 1 1270.0 0 0 0 0 0 1 288 1
1 3355.0 2013 10 15 2 0 0 1 1 1270.0 0 0 0 0 0 1 287 1
1 3773.0 2013 10 14 1 0 0 1 1 1270.0 0 0 0 0 0 1 286 1
1 4954.0 2013 10 12 6 0 0 1 1 1270.0 0 0 0 0 0 0 284 1
1 5896.0 2013 10 11 5 0 0 1 1 1270.0 1 0 0 0 0 0 283 1
1 5286.0 2013 10 10 4 0 0 1 1 1270.0 1 0 0 0 0 0 282 1
1 4957.0 2013 10 9 3 0 0 1 1 1270.0 1 0 0 0 0 0 281 1
1 5452.0 2013 10 8 2 0 0 1 1 1270.0 1 0 0 0 0 0 280 1
1 6004.0 2013 10 7 1 0 0 1 1 1270.0 1 0 0 0 0 0 279 1
1 5352.0 2013 10 5 6 0 0 1 1 1270.0 0 0 0 0 0 0 277 1
1 5447.0 2013 10 4 5 0 0 1 1 1270.0 0 0 0 0 0 0 276 1
1 4001.0 2013 10 2 3 0 0 1 1 1270.0 0 0 0 0 0 0 274 1
1 4178.0 2013 10 1 2 0 0 1 1 1270.0 0 0 0 0 0 0 273 1
1 4088.0 2013 9 30 1 0 0 1 1 1270.0 0 0 0 0 0 0 272 1
1 4175.0 2013 9 28 6 0 0 1 1 1270.0 0 0 0 0 0 0 270 1
1 4669.0 2013 9 27 5 0 0 1 1 1270.0 1 0 0 0 0 0 269 1
1 4481.0 2013 9 26 4 0 0 1 1 1270.0 1 0 0 0 0 0 268 1
1 4212.0 2013 9 25 3 0 0 1 1 1270.0 1 0 0 0 0 0 267 1
1 4274.0 2013 9 24 2 0 0 1 1 1270.0 1 0 0 0 0 0 266 1
1 4770.0 2013 9 23 1 0 0 1 1 1270.0 1 0 0 0 0 0 265 1
1 3909.0 2013 9 21 6 0 0 1 1 1270.0 0 0 0 0 0 0 263 1
1 3516.0 2013 9 20 5 0 0 1 1 1270.0 0 0 0 0 0 0 262 1
1 3717.0 2013 9 19 4 0 0 1 1 1270.0 0 0 0 0 0 0 261 1
1 3946.0 2013 9 18 3 0 0 1 1 1270.0 0 0 0 0 0 0 260 1
1 3685.0 2013 9 17 2 0 0 1 1 1270.0 0 0 0 0 0 0 259 1
1 4249.0 2013 9 16 1 0 0 1 1 1270.0 0 0 0 0 0 0 258 1
1 4663.0 2013 9 14 6 0 0 1 1 1270.0 0 0 0 0 0 0 256 1
1 5187.0 2013 9 13 5 0 0 1 1 1270.0 1 0 0 0 0 0 255 1
1 5079.0 2013 9 12 4 0 0 1 1 1270.0 1 0 0 0 0 0 254 1
1 5103.0 2013 9 11 3 0 0 1 1 1270.0 1 0 0 0 0 0 253 1
1 5403.0 2013 9 10 2 0 0 1 1 1270.0 1 0 0 0 0 0 252 1
1 5893.0 2013 9 9 1 0 0 1 1 1270.0 1 0 0 0 0 0 251 1
1 4663.0 2013 9 7 6 0 0 1 1 1270.0 0 0 0 0 0 0 249 1
1 3836.0 2013 9 6 5 0 0 1 1 1270.0 0 0 0 0 0 0 248 1
1 3883.0 2013 9 5 4 0 0 1 1 1270.0 0 0 0 0 0 0 247 1
1 3343.0 2013 9 4 3 0 0 1 1 1270.0 0 0 0 0 0 0 246 1
1 3928.0 2013 9 3 2 0 0 1 1 1270.0 0 0 0 0 0 0 245 1
1 4195.0 2013 9 2 1 0 0 1 1 1270.0 0 0 0 0 0 0 244 1
1 5317.0 2013 8 31 6 0 0 1 1 1270.0 0 0 0 0 0 0 242 1
1 5469.0 2013 8 30 5 0 0 1 1 1270.0 1 0 0 0 0 0 241 1
1 4804.0 2013 8 29 4 0 0 1 1 1270.0 1 0 0 0 0 0 240 1
1 4583.0 2013 8 28 3 0 0 1 1 1270.0 1 0 0 0 0 0 239 1
1 5156.0 2013 8 27 2 0 0 1 1 1270.0 1 0 0 0 0 0 238 1
1 5482.0 2013 8 26 1 0 0 1 1 1270.0 1 0 0 0 0 0 237 1
1 4752.0 2013 8 24 6 0 0 1 1 1270.0 0 0 0 0 0 0 235 1
1 3493.0 2013 8 23 5 0 0 1 1 1270.0 0 0 0 0 0 0 234 1
1 3703.0 2013 8 22 4 0 0 1 1 1270.0 0 0 0 0 0 0 233 1
1 3096.0 2013 8 21 3 0 0 1 1 1270.0 0 0 0 0 0 0 232 1
1 3492.0 2013 8 20 2 0 0 1 1 1270.0 0 0 0 0 0 0 231 1
1 3954.0 2013 8 19 1 0 0 1 1 1270.0 0 0 0 0 0 0 230 1
1 4078.0 2013 8 17 6 0 0 1 1 1270.0 0 0 0 0 0 0 228 1
1 4552.0 2013 8 16 5 0 0 1 1 1270.0 1 0 0 0 0 1 227 1
1 4575.0 2013 8 15 4 0 0 1 1 1270.0 1 0 0 0 0 1 226 1
1 4724.0 2013 8 14 3 0 0 1 1 1270.0 1 0 0 0 0 1 225 1
1 5299.0 2013 8 13 2 0 0 1 1 1270.0 1 0 0 0 0 1 224 1
1 5326.0 2013 8 12 1 0 0 1 1 1270.0 1 0 0 0 0 1 223 1
1 3768.0 2013 8 10 6 0 0 1 1 1270.0 0 0 0 0 0 1 221 1
1 3257.0 2013 8 9 5 0 0 1 1 1270.0 0 0 0 0 0 1 220 1
1 3680.0 2013 8 8 4 0 0 1 1 1270.0 0 0 0 0 0 1 219 1
1 4143.0 2013 8 7 3 0 0 1 1 1270.0 0 0 0 0 0 1 218 1
1 3582.0 2013 8 6 2 0 0 1 1 1270.0 0 0 0 0 0 1 217 1
1 4086.0 2013 8 5 1 0 0 1 1 1270.0 0 0 0 0 0 1 216 1
1 4461.0 2013 8 3 6 0 0 1 1 1270.0 0 0 0 0 0 1 214 1
1 4494.0 2013 8 2 5 0 0 1 1 1270.0 1 0 0 0 0 1 213 1
1 4994.0 2013 8 1 4 0 0 1 1 1270.0 1 0 0 0 0 1 212 1
1 5572.0 2013 7 31 3 0 0 1 1 1270.0 1 0 0 0 0 1 211 1
1 5773.0 2013 7 30 2 0 0 1 1 1270.0 1 0 0 0 0 1 210 1
1 6290.0 2013 7 29 1 0 0 1 1 1270.0 1 0 0 0 0 1 209 1
1 3352.0 2013 7 27 6 0 0 1 1 1270.0 0 0 0 0 0 1 207 1
1 4221.0 2013 7 26 5 0 0 1 1 1270.0 0 0 0 0 0 1 206 1
1 3502.0 2013 7 25 4 0 0 1 1 1270.0 0 0 0 0 0 1 205 1
1 3849.0 2013 7 24 3 0 0 1 1 1270.0 0 0 0 0 0 1 204 1
1 3937.0 2013 7 23 2 0 0 1 1 1270.0 0 0 0 0 0 1 203 1
1 4149.0 2013 7 22 1 0 0 1 1 1270.0 0 0 0 0 0 1 202 1
1 4421.0 2013 7 20 6 0 0 1 1 1270.0 0 0 0 0 0 1 200 1
1 4275.0 2013 7 19 5 0 0 1 1 1270.0 1 0 0 0 0 1 199 1
1 4904.0 2013 7 18 4 0 0 1 1 1270.0 1 0 0 0 0 1 198 1
1 4946.0 2013 7 17 3 0 0 1 1 1270.0 1 0 0 0 0 1 197 1
1 5643.0 2013 7 16 2 0 0 1 1 1270.0 1 0 0 0 0 1 196 1
1 6377.0 2013 7 15 1 0 0 1 1 1270.0 1 0 0 0 0 1 195 1
1 4015.0 2013 7 13 6 0 0 1 1 1270.0 0 0 0 0 0 1 193 1
1 4134.0 2013 7 12 5 0 0 1 1 1270.0 0 0 0 0 0 1 192 1
1 4053.0 2013 7 11 4 0 0 1 1 1270.0 0 0 0 0 0 1 191 1
1 3963.0 2013 7 10 3 0 0 1 1 1270.0 0 0 0 0 0 1 190 1
1 4047.0 2013 7 9 2 0 0 1 1 1270.0 0 0 0 0 0 1 189 1
1 4475.0 2013 7 8 1 0 0 1 1 1270.0 0 0 0 0 0 1 188 1
1 4090.0 2013 7 6 6 0 0 1 1 1270.0 0 0 0 0 0 1 186 1
1 4986.0 2013 7 5 5 0 0 1 1 1270.0 1 0 0 0 0 0 185 1
1 5701.0 2013 7 4 4 0 0 1 1 1270.0 1 0 0 0 0 0 184 1
1 5875.0 2013 7 3 3 0 0 1 1 1270.0 1 0 0 0 0 0 183 1
1 5868.0 2013 7 2 2 0 0 1 1 1270.0 1 0 0 0 0 0 182 1
1 5614.0 2013 7 1 1 0 0 1 1 1270.0 1 0 0 0 0 0 181 1
1 5804.0 2013 6 29 6 0 0 1 1 1270.0 0 0 0 0 0 0 179 1
1 4407.0 2013 6 28 5 0 0 1 1 1270.0 0 0 0 0 0 0 178 1
1 3593.0 2013 6 27 4 0 0 1 1 1270.0 0 0 0 0 0 0 177 1
1 3827.0 2013 6 26 3 0 0 1 1 1270.0 0 0 0 0 0 0 176 1
1 4536.0 2013 6 25 2 0 0 1 1 1270.0 0 0 0 0 0 0 175 1
1 3549.0 2013 6 24 1 0 0 1 1 1270.0 0 0 0 0 0 0 174 1
1 4341.0 2013 6 22 6 0 0 1 1 1270.0 0 0 0 0 0 0 172 1
1 5173.0 2013 6 21 5 0 0 1 1 1270.0 1 0 0 0 0 0 171 1
1 5011.0 2013 6 20 4 0 0 1 1 1270.0 1 0 0 0 0 0 170 1
1 4180.0 2013 6 19 3 0 0 1 1 1270.0 1 0 0 0 0 0 169 1
1 4633.0 2013 6 18 2 0 0 1 1 1270.0 1 0 0 0 0 0 168 1
1 5337.0 2013 6 17 1 0 0 1 1 1270.0 1 0 0 0 0 0 167 1
1 4766.0 2013 6 15 6 0 0 1 1 1270.0 0 0 0 0 0 0 165 1
1 4150.0 2013 6 14 5 0 0 1 1 1270.0 0 0 0 0 0 0 164 1
1 3661.0 2013 6 13 4 0 0 1 1 1270.0 0 0 0 0 0 0 163 1
1 3563.0 2013 6 12 3 0 0 1 1 1270.0 0 0 0 0 0 0 162 1
1 3784.0 2013 6 11 2 0 0 1 1 1270.0 0 0 0 0 0 0 161 1
1 4291.0 2013 6 10 1 0 0 1 1 1270.0 0 0 0 0 0 0 160 1
1 4262.0 2013 6 8 6 0 0 1 1 1270.0 0 0 0 0 0 0 158 1
1 4315.0 2013 6 7 5 0 0 1 1 1270.0 1 0 0 0 0 0 157 1
1 4881.0 2013 6 6 4 0 0 1 1 1270.0 1 0 0 0 0 0 156 1
1 5012.0 2013 6 5 3 0 0 1 1 1270.0 1 0 0 0 0 0 155 1
1 5220.0 2013 6 4 2 0 0 1 1 1270.0 1 0 0 0 0 0 154 1
1 5422.0 2013 6 3 1 0 0 1 1 1270.0 1 0 0 0 0 0 153 1
1 5693.0 2013 6 1 6 0 0 1 1 1270.0 0 0 0 0 0 0 151 1
1 7893.0 2013 5 31 5 0 0 1 1 1270.0 1 0 0 0 0 0 150 1
1 5784.0 2013 5 29 3 0 0 1 1 1270.0 1 0 0 0 0 0 148 1
1 4995.0 2013 5 28 2 0 0 1 1 1270.0 1 0 0 0 0 0 147 1
1 5519.0 2013 5 27 1 0 0 1 1 1270.0 1 0 0 0 0 0 146 1
1 4408.0 2013 5 25 6 0 0 1 1 1270.0 0 0 0 0 0 0 144 1
1 4232.0 2013 5 24 5 0 0 1 1 1270.0 0 0 0 0 0 0 143 1
1 4030.0 2013 5 23 4 0 0 1 1 1270.0 0 0 0 0 0 0 142 1
1 3559.0 2013 5 22 3 0 0 1 1 1270.0 0 0 0 0 0 0 141 1
1 4789.0 2013 5 21 2 0 0 1 1 1270.0 0 0 0 0 0 0 140 1
1 4413.0 2013 5 18 6 0 0 1 1 1270.0 0 0 0 0 0 0 137 1
1 4856.0 2013 5 17 5 0 0 1 1 1270.0 1 0 0 0 0 0 136 1
1 4448.0 2013 5 16 4 0 0 1 1 1270.0 1 0 0 0 0 0 135 1
1 4790.0 2013 5 15 3 0 0 1 1 1270.0 1 0 0 0 0 0 134 1
1 5083.0 2013 5 14 2 0 0 1 1 1270.0 1 0 0 0 0 0 133 1
1 6106.0 2013 5 13 1 0 0 1 1 1270.0 1 0 0 0 0 0 132 1
1 5064.0 2013 5 11 6 0 0 1 1 1270.0 0 0 0 0 0 0 130 1
1 5409.0 2013 5 10 5 0 0 1 1 1270.0 0 0 0 0 0 0 129 1
1 5230.0 2013 5 8 3 0 0 1 1 1270.0 0 0 0 0 0 0 127 1
1 4624.0 2013 5 7 2 0 0 1 1 1270.0 0 0 0 0 0 0 126 1
1 4568.0 2013 5 6 1 0 0 1 1 1270.0 0 0 0 0 0 0 125 1
1 5912.0 2013 5 4 6 0 0 1 1 1270.0 0 0 0 0 0 0 123 1
1 6027.0 2013 5 3 5 0 0 1 1 1270.0 1 0 0 0 0 0 122 1
1 6486.0 2013 5 2 4 0 0 1 1 1270.0 1 0 0 0 0 0 121 1
1 5925.0 2013 4 30 2 0 0 1 1 1270.0 1 0 0 0 0 0 119 1
1 5821.0 2013 4 29 1 0 0 1 1 1270.0 1 0 0 0 0 0 118 1
1 5726.0 2013 4 27 6 0 0 1 1 1270.0 0 0 0 0 0 0 116 1
1 4841.0 2013 4 26 5 0 0 1 1 1270.0 1 0 0 0 0 0 115 1
1 3939.0 2013 4 25 4 0 0 1 1 1270.0 1 0 0 0 0 0 114 1
1 4309.0 2013 4 24 3 0 0 1 1 1270.0 1 0 0 0 0 0 113 1
1 4492.0 2013 4 23 2 0 0 1 1 1270.0 1 0 0 0 0 0 112 1
1 5672.0 2013 4 22 1 0 0 1 1 1270.0 1 0 0 0 0 0 111 1
1 4350.0 2013 4 20 6 0 0 1 1 1270.0 0 0 0 0 0 0 109 1
1 4303.0 2013 4 19 5 0 0 1 1 1270.0 0 0 0 0 0 0 108 1
1 2952.0 2013 4 18 4 0 0 1 1 1270.0 0 0 0 0 0 0 107 1
1 3649.0 2013 4 17 3 0 0 1 1 1270.0 0 0 0 0 0 0 106 1
1 3357.0 2013 4 16 2 0 0 1 1 1270.0 0 0 0 0 0 0 105 1
1 3941.0 2013 4 15 1 0 0 1 1 1270.0 0 0 0 0 0 0 104 1
1 4773.0 2013 4 13 6 0 0 1 1 1270.0 0 0 0 0 0 0 102 1
1 5263.0 2013 4 12 5 0 0 1 1 1270.0 1 0 0 0 0 0 101 1
1 4366.0 2013 4 11 4 0 0 1 1 1270.0 1 0 0 0 0 0 100 1
1 4903.0 2013 4 10 3 0 0 1 1 1270.0 1 0 0 0 0 0 99 1
1 5514.0 2013 4 9 2 0 0 1 1 1270.0 1 0 0 0 0 0 98 1
1 6046.0 2013 4 8 1 0 0 1 1 1270.0 1 0 0 0 0 0 97 1
1 5075.0 2013 4 6 6 0 0 1 1 1270.0 0 0 0 0 0 0 95 1
1 4390.0 2013 4 5 5 0 0 1 1 1270.0 0 0 0 0 0 1 94 1
1 4293.0 2013 4 4 4 0 0 1 1 1270.0 0 0 0 0 0 1 93 1
1 4625.0 2013 4 3 3 0 0 1 1 1270.0 0 0 0 0 0 1 92 1
1 5484.0 2013 4 2 2 0 0 1 1 1270.0 0 0 0 0 0 1 91 1
1 7132.0 2013 3 30 6 0 0 1 1 1270.0 0 0 0 0 0 0 88 1
1 7285.0 2013 3 28 4 0 0 1 1 1270.0 1 0 0 0 0 1 86 1
1 6660.0 2013 3 27 3 0 0 1 1 1270.0 1 0 0 0 0 1 85 1
1 6686.0 2013 3 26 2 0 0 1 1 1270.0 1 0 0 0 0 1 84 1
1 6729.0 2013 3 25 1 0 0 1 1 1270.0 1 0 0 0 0 1 83 1
1 5603.0 2013 3 23 6 0 0 1 1 1270.0 0 0 0 0 0 0 81 1
1 5506.0 2013 3 22 5 0 0 1 1 1270.0 1 0 0 0 0 0 80 1
1 5179.0 2013 3 21 4 0 0 1 1 1270.0 1 0 0 0 0 0 79 1
1 5598.0 2013 3 20 3 0 0 1 1 1270.0 1 0 0 0 0 0 78 1
1 6563.0 2013 3 19 2 0 0 1 1 1270.0 1 0 0 0 0 0 77 1
1 7072.0 2013 3 18 1 0 0 1 1 1270.0 1 0 0 0 0 0 76 1
1 5003.0 2013 3 16 6 0 0 1 1 1270.0 0 0 0 0 0 0 74 1
1 4925.0 2013 3 15 5 0 0 1 1 1270.0 0 0 0 0 0 0 73 1
1 5108.0 2013 3 14 4 0 0 1 1 1270.0 0 0 0 0 0 0 72 1
1 4341.0 2013 3 13 3 0 0 1 1 1270.0 0 0 0 0 0 0 71 1
1 3853.0 2013 3 12 2 0 0 1 1 1270.0 0 0 0 0 0 0 70 1
1 4949.0 2013 3 11 1 0 0 1 1 1270.0 0 0 0 0 0 0 69 1
1 5578.0 2013 3 9 6 0 0 1 1 1270.0 0 0 0 0 0 0 67 1
1 5853.0 2013 3 8 5 0 0 1 1 1270.0 1 0 0 0 0 0 66 1
1 5637.0 2013 3 7 4 0 0 1 1 1270.0 1 0 0 0 0 0 65 1
1 5973.0 2013 3 6 3 0 0 1 1 1270.0 1 0 0 0 0 0 64 1
1 6300.0 2013 3 5 2 0 0 1 1 1270.0 1 0 0 0 0 0 63 1
1 7675.0 2013 3 4 1 0 0 1 1 1270.0 1 0 0 0 0 0 62 1
1 5350.0 2013 3 2 6 0 0 1 1 1270.0 0 0 0 0 0 0 60 1
1 4611.0 2013 3 1 5 0 0 1 1 1270.0 0 0 0 0 0 0 59 1
1 4676.0 2013 2 28 4 0 0 1 1 1270.0 0 0 0 0 0 0 58 1
1 4558.0 2013 2 27 3 0 0 1 1 1270.0 0 0 0 0 0 0 57 1
1 3794.0 2013 2 26 2 0 0 1 1 1270.0 0 0 0 0 0 0 56 1
1 4038.0 2013 2 25 1 0 0 1 1 1270.0 0 0 0 0 0 0 55 1
1 5237.0 2013 2 23 6 0 0 1 1 1270.0 0 0 0 0 0 0 53 1
1 5000.0 2013 2 22 5 0 0 1 1 1270.0 1 0 0 0 0 0 52 1
1 5261.0 2013 2 21 4 0 0 1 1 1270.0 1 0 0 0 0 0 51 1
1 5660.0 2013 2 20 3 0 0 1 1 1270.0 1 0 0 0 0 0 50 1
1 5386.0 2013 2 19 2 0 0 1 1 1270.0 1 0 0 0 0 0 49 1
1 6407.0 2013 2 18 1 0 0 1 1 1270.0 1 0 0 0 0 0 48 1
1 6154.0 2013 2 16 6 0 0 1 1 1270.0 0 0 0 0 0 0 46 1
1 4809.0 2013 2 15 5 0 0 1 1 1270.0 0 0 0 0 0 0 45 1
1 4241.0 2013 2 14 4 0 0 1 1 1270.0 0 0 0 0 0 0 44 1
1 4252.0 2013 2 13 3 0 0 1 1 1270.0 0 0 0 0 0 0 43 1
1 4015.0 2013 2 12 2 0 0 1 1 1270.0 0 0 0 0 0 0 42 1
1 4409.0 2013 2 11 1 0 0 1 1 1270.0 0 0 0 0 0 0 41 1
1 5370.0 2013 2 9 6 0 0 1 1 1270.0 0 0 0 0 0 0 39 1
1 5681.0 2013 2 8 5 0 0 1 1 1270.0 1 0 0 0 0 0 38 1
1 5499.0 2013 2 7 4 0 0 1 1 1270.0 1 0 0 0 0 0 37 1
1 6140.0 2013 2 6 3 0 0 1 1 1270.0 1 0 0 0 0 0 36 1
1 6049.0 2013 2 5 2 0 0 1 1 1270.0 1 0 0 0 0 0 35 1
1 7032.0 2013 2 4 1 0 0 1 1 1270.0 1 0 0 0 0 0 34 1
1 5970.0 2013 2 2 6 0 0 1 1 1270.0 0 0 0 0 0 0 32 1
1 5633.0 2013 2 1 5 0 0 1 1 1270.0 0 0 0 0 0 0 31 1
1 4709.0 2013 1 31 4 0 0 1 1 1270.0 0 0 0 0 0 0 30 1
1 4601.0 2013 1 30 3 0 0 1 1 1270.0 0 0 0 0 0 0 29 1
1 3725.0 2013 1 29 2 0 0 1 1 1270.0 0 0 0 0 0 0 28 1
1 4055.0 2013 1 28 1 0 0 1 1 1270.0 0 0 0 0 0 0 27 1
1 5598.0 2013 1 26 6 0 0 1 1 1270.0 0 0 0 0 0 0 25 1
1 5586.0 2013 1 25 5 0 0 1 1 1270.0 1 0 0 0 0 0 24 1
1 5195.0 2013 1 24 4 0 0 1 1 1270.0 1 0 0 0 0 0 23 1
1 5578.0 2013 1 23 3 0 0 1 1 1270.0 1 0 0 0 0 0 22 1
1 5720.0 2013 1 22 2 0 0 1 1 1270.0 1 0 0 0 0 0 21 1
1 5394.0 2013 1 21 1 0 0 1 1 1270.0 1 0 0 0 0 0 20 1
1 5182.0 2013 1 19 6 0 0 1 1 1270.0 0 0 0 0 0 0 18 1
1 4127.0 2013 1 18 5 0 0 1 1 1270.0 0 0 0 0 0 0 17 1
1 4044.0 2013 1 17 4 0 0 1 1 1270.0 0 0 0 0 0 0 16 1
1 4008.0 2013 1 16 3 0 0 1 1 1270.0 0 0 0 0 0 0 15 1
1 3900.0 2013 1 15 2 0 0 1 1 1270.0 0 0 0 0 0 0 14 1
1 4717.0 2013 1 14 1 0 0 1 1 1270.0 0 0 0 0 0 0 13 1
1 4952.0 2013 1 12 6 0 0 1 1 1270.0 0 0 0 0 0 0 11 1
1 4881.0 2013 1 11 5 0 0 1 1 1270.0 1 0 0 0 0 1 10 1
1 4892.0 2013 1 10 4 0 0 1 1 1270.0 1 0 0 0 0 1 9 1
1 5471.0 2013 1 9 3 0 0 1 1 1270.0 1 0 0 0 0 1 8 1
1 5580.0 2013 1 8 2 0 0 1 1 1270.0 1 0 0 0 0 1 7 1
1 7176.0 2013 1 7 1 0 0 1 1 1270.0 1 0 0 0 0 1 6 1
1 4997.0 2013 1 5 6 0 0 1 1 1270.0 0 0 0 0 0 1 4 1
1 4486.0 2013 1 4 5 0 0 1 1 1270.0 0 0 0 0 0 1 3 1
1 4327.0 2013 1 3 4 0 0 1 1 1270.0 0 0 0 0 0 1 2 1
1 5530.0 2013 1 2 3 0 0 1 1 1270.0 0 0 0 0 0 1 1 1
